id,pred
2019_1101_1113,0.22401589386428566
2019_1101_1120,0.15179904419888873
2019_1113_1120,0.31163118902015663
2019_1101_1124,0.20211309054835092
2019_1113_1124,0.4333818268770476
2019_1120_1124,0.6205142798092692
2019_1101_1125,0.1612322356185699
2019_1113_1125,0.34137035502906526
2019_1120_1125,0.5262106522338732
2019_1124_1125,0.3896620415038828
2019_1101_1133,0.5775454376577561
2019_1113_1133,0.8061321176724734
2019_1120_1133,0.8633890860795096
2019_1124_1133,0.825386174181396
2019_1125_1133,0.8559579762350653
2019_1101_1138,0.14816675617631755
2019_1113_1138,0.29731326654404217
2019_1120_1138,0.46966738227606003
2019_1124_1138,0.34238207433675716
2019_1125_1138,0.43726814977319833
2019_1133_1138,0.12757496367216584
2019_1101_1153,0.17035171215646697
2019_1113_1153,0.36449625423511955
2019_1120_1153,0.5502427924251339
2019_1124_1153,0.41555150806781266
2019_1125_1153,0.5206261155369468
2019_1133_1153,0.1460794568007879
2019_1138_1153,0.5705916605805241
2019_1101_1159,0.3901956067819005
2019_1113_1159,0.6979241797684623
2019_1120_1159,0.8041530946524369
2019_1124_1159,0.7353524481874001
2019_1125_1159,0.7910754390071034
2019_1133_1159,0.3124711095266268
2019_1138_1159,0.8148872902192542
2019_1153_1159,0.7778552147421588
2019_1101_1181,0.12298732915309177
2019_1113_1181,0.2167354641997431
2019_1120_1181,0.3496973225824195
2019_1124_1181,0.24817512298745936
2019_1125_1181,0.3225034599919866
2019_1133_1181,0.10962652109645976
2019_1138_1181,0.36639714725827066
2019_1153_1181,0.2999783808754826
2019_1159_1181,0.14113450041736345
2019_1101_1192,0.6733073015554064
2019_1113_1192,0.8433047360071058
2019_1120_1192,0.8805217508546375
2019_1124_1192,0.8553677385956777
2019_1125_1192,0.8756383852407276
2019_1133_1192,0.5927708754492345
2019_1138_1192,0.8834748012126106
2019_1153_1192,0.8711752945308249
2019_1159_1192,0.7452729593474389
2019_1181_1192,0.8962287814726501
2019_1101_1196,0.20884945004388522
2019_1113_1196,0.4508272398069033
2019_1120_1196,0.6378712229541538
2019_1124_1196,0.5091198267264211
2019_1125_1196,0.6069376868219141
2019_1133_1196,0.17332473721833938
2019_1138_1196,0.6544651636934206
2019_1153_1196,0.5813195805778244
2019_1159_1196,0.262223880132631
2019_1181_1196,0.7521816398972425
2019_1192_1196,0.145597588064097
2019_1101_1199,0.16665977878637755
2019_1113_1199,0.3489766862853311
2019_1120_1199,0.5345333175474498
2019_1124_1199,0.3996924579580763
2019_1125_1199,0.5032799678710932
2019_1133_1199,0.14303868901310665
2019_1138_1199,0.5556879343339636
2019_1153_1199,0.47540384666616375
2019_1159_1199,0.20343300929603764
2019_1181_1199,0.6751068733278107
2019_1192_1199,0.12300841329458194
2019_1196_1199,0.3786710687361641
2019_1101_1205,0.627030623550208
2019_1113_1205,0.8264030709241557
2019_1120_1205,0.8712230050452422
2019_1124_1205,0.8421758992938773
2019_1125_1205,0.8646667975240387
2019_1133_1205,0.5423113955058126
2019_1138_1205,0.8745290877968331
2019_1153_1205,0.8609892538453654
2019_1159_1205,0.7107469770391965
2019_1181_1205,0.8910231616474512
2019_1192_1205,0.44269608072371647
2019_1196_1205,0.8342901837065857
2019_1199_1205,0.8624912444589755
2019_1101_1209,0.39615531559173733
2019_1113_1209,0.7042525124763166
2019_1120_1209,0.8087672061447783
2019_1124_1209,0.7390417627890483
2019_1125_1209,0.7932168032800027
2019_1133_1209,0.3197672804903877
2019_1138_1209,0.8176714617455718
2019_1153_1209,0.78255303446039
2019_1159_1209,0.4947993843767341
2019_1181_1209,0.8557967686648341
2019_1192_1209,0.24747848707188655
2019_1196_1209,0.7242112895059739
2019_1199_1209,0.7906173813077362
2019_1205_1209,0.2814880274079824
2019_1101_1211,0.10563675965962814
2019_1113_1211,0.15891411757621446
2019_1120_1211,0.24335755396533884
2019_1124_1211,0.17747308322825314
2019_1125_1211,0.2233250235230123
2019_1133_1211,0.09732194790315042
2019_1138_1211,0.2507575758782989
2019_1153_1211,0.2077279745218112
2019_1159_1211,0.11510325365485372
2019_1181_1211,0.3482403120777353
2019_1192_1211,0.09268181785412945
2019_1196_1211,0.16861182348402534
2019_1199_1211,0.2166271496934845
2019_1205_1211,0.09521150583410469
2019_1209_1211,0.11435460367192075
2019_1101_1222,0.15136470430803214
2019_1113_1222,0.3073633521949345
2019_1120_1222,0.48583759909530944
2019_1124_1222,0.35276230343261517
2019_1125_1222,0.4477056276663762
2019_1133_1222,0.1292972404789128
2019_1138_1222,0.5013831072687374
2019_1153_1222,0.4230230561770763
2019_1159_1222,0.18231970528815408
2019_1181_1222,0.6281902370025367
2019_1192_1222,0.11458135543852638
2019_1196_1222,0.33131589160788494
2019_1199_1222,0.43858591986492157
2019_1205_1222,0.12233056826313723
2019_1209_1222,0.17815918413598872
2019_1211_1222,0.7414221565496779
2019_1101_1233,0.6253203971957331
2019_1113_1233,0.8269854736443167
2019_1120_1233,0.8719187850561093
2019_1124_1233,0.8427182683841167
2019_1125_1233,0.8654245611631604
2019_1133_1233,0.5435320680057006
2019_1138_1233,0.8755486559154213
2019_1153_1233,0.861459747551057
2019_1159_1233,0.7079466816940315
2019_1181_1233,0.8905375259143143
2019_1192_1233,0.4431468827381137
2019_1196_1233,0.8344432070913337
2019_1199_1233,0.8629309334950531
2019_1205_1233,0.4907105211621168
2019_1209_1233,0.7041731050954211
2019_1211_1233,0.9039869072325957
2019_1222_1233,0.8747796481738895
2019_1101_1234,0.19599366210564526
2019_1113_1234,0.4249646268250264
2019_1120_1234,0.6118122744313864
2019_1124_1234,0.48128576063278616
2019_1125_1234,0.5771923183746569
2019_1133_1234,0.163785129869575
2019_1138_1234,0.6304235870810427
2019_1153_1234,0.5539112554082887
2019_1159_1234,0.24376679534962034
2019_1181_1234,0.7325222613140203
2019_1192_1234,0.13827449803077935
2019_1196_1234,0.4565371804010109
2019_1199_1234,0.5710853703106366
2019_1205_1234,0.14940174819678634
2019_1209_1234,0.2384480367695909
2019_1211_1234,0.8101850549599685
2019_1222_1234,0.6199622036952004
2019_1233_1234,0.14855555673377738
2019_1101_1235,0.1736070588843722
2019_1113_1235,0.370365892629738
2019_1120_1235,0.5585513934342321
2019_1124_1235,0.42296020443611354
2019_1125_1235,0.5259623125548641
2019_1133_1235,0.1469818545332352
2019_1138_1235,0.5769374948625557
2019_1153_1235,0.4966587049017122
2019_1159_1235,0.21501795462371753
2019_1181_1235,0.6918425303831006
2019_1192_1235,0.126303369434512
2019_1196_1235,0.4021976248728334
2019_1199_1235,0.513311001586698
2019_1205_1235,0.13681326706228605
2019_1209_1235,0.20859561586295478
2019_1211_1235,0.7840190199871373
2019_1222_1235,0.5655428681092268
2019_1233_1235,0.13511961207316905
2019_1234_1235,0.4307207397543953
2019_1101_1242,0.1784101490074642
2019_1113_1242,0.37987114282529155
2019_1120_1242,0.5678081571387696
2019_1124_1242,0.4320378382962549
2019_1125_1242,0.5368739414042591
2019_1133_1242,0.1511168948855415
2019_1138_1242,0.5869511550158037
2019_1153_1242,0.5077503963916087
2019_1159_1242,0.22207050809136658
2019_1181_1242,0.6994648488072956
2019_1192_1242,0.1295816115438679
2019_1196_1242,0.41234352994072876
2019_1199_1242,0.5228058318479861
2019_1205_1242,0.14104217609488984
2019_1209_1242,0.2168356723535336
2019_1211_1242,0.7896360233154314
2019_1222_1242,0.5778164611490071
2019_1233_1242,0.14029610296493195
2019_1234_1242,0.4399869003904948
2019_1235_1242,0.5073143313789461
2019_1101_1243,0.18495920756785147
2019_1113_1243,0.3933355673699687
2019_1120_1243,0.5821150640989684
2019_1124_1243,0.44630626714180954
2019_1125_1243,0.5467778819427047
2019_1133_1243,0.15669328958527207
2019_1138_1243,0.5995176476081484
2019_1153_1243,0.5203532671584661
2019_1159_1243,0.22789419751521348
2019_1181_1243,0.7102117454407942
2019_1192_1243,0.13367361469132116
2019_1196_1243,0.4254740810598709
2019_1199_1243,0.5361552775735756
2019_1205_1243,0.14424437819837593
2019_1209_1243,0.22201026029987375
2019_1211_1243,0.7939186603920673
2019_1222_1243,0.5896648089978053
2019_1233_1243,0.14458996277996589
2019_1234_1243,0.45633126213364883
2019_1235_1243,0.5140771058709561
2019_1242_1243,0.5030827261655427
2019_1101_1246,0.13697287511474074
2019_1113_1246,0.26247550980454354
2019_1120_1246,0.424404933645919
2019_1124_1246,0.30184055011417604
2019_1125_1246,0.39717269709868164
2019_1133_1246,0.1199768549359547
2019_1138_1246,0.4458186036538976
2019_1153_1246,0.3666333688165216
2019_1159_1246,0.16092138272658366
2019_1181_1246,0.5755204772257511
2019_1192_1246,0.10780897866936502
2019_1196_1246,0.284378211888096
2019_1199_1246,0.37864912965793784
2019_1205_1246,0.11356213001109187
2019_1209_1246,0.1584595233623712
2019_1211_1246,0.7014710289998682
2019_1222_1246,0.43426395666021333
2019_1233_1246,0.11354075279895336
2019_1234_1246,0.30736194640836856
2019_1235_1246,0.36272628723439393
2019_1242_1246,0.3467943911186131
2019_1243_1246,0.3367907616219928
2019_1101_1251,0.2714760967454327
2019_1113_1251,0.5700214516551796
2019_1120_1251,0.728706920746793
2019_1124_1251,0.6219133925699075
2019_1125_1251,0.7094662033301075
2019_1133_1251,0.21943013700334799
2019_1138_1251,0.7442086006101875
2019_1153_1251,0.6871407735886037
2019_1159_1251,0.3496294118475252
2019_1181_1251,0.8094640496686043
2019_1192_1251,0.175321832606635
2019_1196_1251,0.5996246351207961
2019_1199_1251,0.6959532664660789
2019_1205_1251,0.1948021444796179
2019_1209_1251,0.34207204711129774
2019_1211_1251,0.8541963630418006
2019_1222_1251,0.7352554483972027
2019_1233_1251,0.19486621254048986
2019_1234_1251,0.6262987423011528
2019_1235_1251,0.6809952498861176
2019_1242_1251,0.6688745789422936
2019_1243_1251,0.6579668590291693
2019_1246_1251,0.7696133860447245
2019_1101_1257,0.19939612009370342
2019_1113_1257,0.4280186366238571
2019_1120_1257,0.6135576498143099
2019_1124_1257,0.48506440849617816
2019_1125_1257,0.5838523607596708
2019_1133_1257,0.16569437090254008
2019_1138_1257,0.633448792918822
2019_1153_1257,0.5592044723467159
2019_1159_1257,0.24783484881324308
2019_1181_1257,0.7353493722050681
2019_1192_1257,0.14102940958242088
2019_1196_1257,0.46514884536358714
2019_1199_1257,0.5731319094515571
2019_1205_1257,0.1524975517836077
2019_1209_1257,0.2441925029319186
2019_1211_1257,0.811266509532266
2019_1222_1257,0.6229454095452684
2019_1233_1257,0.15233669387596271
2019_1234_1257,0.4905940420981383
2019_1235_1257,0.5495737701813929
2019_1242_1257,0.5394443317032912
2019_1243_1257,0.5254283741210476
2019_1246_1257,0.6739251423261831
2019_1251_1257,0.35492723514496394
2019_1101_1261,0.14721417524179417
2019_1113_1261,0.2929483816017774
2019_1120_1261,0.46595928682350934
2019_1124_1261,0.33709089529478486
2019_1125_1261,0.4300566526950987
2019_1133_1261,0.1281006558867511
2019_1138_1261,0.4840780238205339
2019_1153_1261,0.4051460180065134
2019_1159_1261,0.17672211816337088
2019_1181_1261,0.6109725679706329
2019_1192_1261,0.11401221587460217
2019_1196_1261,0.3177681099795959
2019_1199_1261,0.419351301607289
2019_1205_1261,0.12132328044884857
2019_1209_1261,0.171690429872246
2019_1211_1261,0.7284117479074832
2019_1222_1261,0.47180327040184733
2019_1233_1261,0.11996055770964793
2019_1234_1261,0.34318174085504227
2019_1235_1261,0.40074587270423845
2019_1242_1261,0.3855721260256125
2019_1243_1261,0.3709557616164594
2019_1246_1261,0.5305973580843976
2019_1251_1261,0.24643527508646612
2019_1257_1261,0.34039986990290505
2019_1101_1266,0.21011742691754612
2019_1113_1266,0.45782098052763937
2019_1120_1266,0.6434167435470272
2019_1124_1266,0.513552057329823
2019_1125_1266,0.6167877510892669
2019_1133_1266,0.1745563987658494
2019_1138_1266,0.6649258042046791
2019_1153_1266,0.5915638150057457
2019_1159_1266,0.2645939940795036
2019_1181_1266,0.7574334566465586
2019_1192_1266,0.1446766596095952
2019_1196_1266,0.49176341946604
2019_1199_1266,0.6039121205276475
2019_1205_1266,0.15833575127308916
2019_1209_1266,0.25971897926657966
2019_1211_1266,0.8251987671202774
2019_1222_1266,0.653662741741381
2019_1233_1266,0.1582092038514189
2019_1234_1266,0.5189539650544168
2019_1235_1266,0.5820926463608056
2019_1242_1266,0.5696941023296461
2019_1243_1266,0.5563190417643034
2019_1246_1266,0.6991245074591752
2019_1251_1266,0.3848572019274243
2019_1257_1266,0.517797041243481
2019_1261_1266,0.6618981886007088
2019_1101_1268,0.18691179310178152
2019_1113_1268,0.39766743396875437
2019_1120_1268,0.5879781917136199
2019_1124_1268,0.45328560825616926
2019_1125_1268,0.5563413517506157
2019_1133_1268,0.15658770561975854
2019_1138_1268,0.607300042142959
2019_1153_1268,0.5288038280735229
2019_1159_1268,0.23071721918679614
2019_1181_1268,0.7157882831736639
2019_1192_1268,0.13417389102990146
2019_1196_1268,0.4320785090109766
2019_1199_1268,0.5430923703833183
2019_1205_1268,0.14499875546749272
2019_1209_1268,0.22629766769948836
2019_1211_1268,0.799167517930609
2019_1222_1268,0.5969858634279163
2019_1233_1268,0.1446250205050117
2019_1234_1268,0.4597876905487419
2019_1235_1268,0.5222886537796235
2019_1242_1268,0.508071675265055
2019_1243_1268,0.49501013032762564
2019_1246_1268,0.6502073204227453
2019_1251_1268,0.32918048292626434
2019_1257_1268,0.4579934186349028
2019_1261_1268,0.6051511793445103
2019_1266_1268,0.427019999318042
2019_1101_1276,0.16115493612586743
2019_1113_1276,0.3362232157491974
2019_1120_1276,0.5186670450969733
2019_1124_1276,0.38567698254654076
2019_1125_1276,0.48862056255273245
2019_1133_1276,0.13922795560692464
2019_1138_1276,0.5370197017996798
2019_1153_1276,0.45511147809073355
2019_1159_1276,0.19613754286923404
2019_1181_1276,0.6604114109241563
2019_1192_1276,0.12208185501489761
2019_1196_1276,0.36286311618811395
2019_1199_1276,0.47492064516398014
2019_1205_1276,0.12967688919935685
2019_1209_1276,0.19367499974858798
2019_1211_1276,0.7632447357870207
2019_1222_1276,0.5261448602064717
2019_1233_1276,0.13052243823887227
2019_1234_1276,0.39002119907109034
2019_1235_1276,0.4514815108382203
2019_1242_1276,0.439608358778801
2019_1243_1276,0.42624821245901573
2019_1246_1276,0.5798615954403679
2019_1251_1276,0.27576652008807206
2019_1257_1276,0.38681077457920365
2019_1261_1276,0.5407012423629459
2019_1266_1276,0.3629367709576082
2019_1268_1276,0.41656602585968633
2019_1101_1277,0.14289273769091929
2019_1113_1277,0.28106195962296776
2019_1120_1277,0.4494330708013303
2019_1124_1277,0.3219014689834525
2019_1125_1277,0.4146166272682945
2019_1133_1277,0.12400007555116807
2019_1138_1277,0.4685877524182172
2019_1153_1277,0.38922201528222555
2019_1159_1277,0.16935458958351388
2019_1181_1277,0.5977943426005978
2019_1192_1277,0.11077165351397503
2019_1196_1277,0.304491163163731
2019_1199_1277,0.4033873013708084
2019_1205_1277,0.1174645041346277
2019_1209_1277,0.16617052720160488
2019_1211_1277,0.7174554757840891
2019_1222_1277,0.4568088025574321
2019_1233_1277,0.1172229449969724
2019_1234_1277,0.32904285584555704
2019_1235_1277,0.3824378515494993
2019_1242_1277,0.37076704696812984
2019_1243_1277,0.36048839493746787
2019_1246_1277,0.5151783743051982
2019_1251_1277,0.2356913061224479
2019_1257_1277,0.3252565460356195
2019_1261_1277,0.4713547003519752
2019_1266_1277,0.3049569329713251
2019_1268_1277,0.3517196809399602
2019_1276_1277,0.41531160877824946
2019_1101_1278,0.21213077309222117
2019_1113_1278,0.4559370094925257
2019_1120_1278,0.6449129467795662
2019_1124_1278,0.5129322007829421
2019_1125_1278,0.6052020768069544
2019_1133_1278,0.17369936756426735
2019_1138_1278,0.6568881443107788
2019_1153_1278,0.5867821434784577
2019_1159_1278,0.2646807183977029
2019_1181_1278,0.7513383245160015
2019_1192_1278,0.147320188448548
2019_1196_1278,0.48766525104442315
2019_1199_1278,0.6007535949522302
2019_1205_1278,0.16016872771495588
2019_1209_1278,0.2591668832215359
2019_1211_1278,0.8215506093475614
2019_1222_1278,0.6484618049759733
2019_1233_1278,0.15932494466533814
2019_1234_1278,0.5199930818295332
2019_1235_1278,0.5766289912509092
2019_1242_1278,0.567921044084027
2019_1243_1278,0.5515498858316648
2019_1246_1278,0.6956333146487143
2019_1251_1278,0.3781619931024088
2019_1257_1278,0.5148567233013899
2019_1261_1278,0.6652036205671672
2019_1266_1278,0.4856916961037055
2019_1268_1278,0.546383857545932
2019_1276_1278,0.612583856382512
2019_1277_1278,0.6752880044915469
2019_1101_1279,0.19388951533210091
2019_1113_1279,0.4178209498483734
2019_1120_1279,0.6042255726849125
2019_1124_1279,0.4732323857566266
2019_1125_1279,0.5708774020327982
2019_1133_1279,0.16103988367188624
2019_1138_1279,0.6240965843389022
2019_1153_1279,0.5459451403868228
2019_1159_1279,0.24080327241829516
2019_1181_1279,0.7279413820623513
2019_1192_1279,0.13711800606468638
2019_1196_1279,0.4490630558938017
2019_1199_1279,0.5621371838042541
2019_1205_1279,0.1493077197530852
2019_1209_1279,0.23620510253903107
2019_1211_1279,0.8079690152821184
2019_1222_1279,0.6136143530011012
2019_1233_1279,0.14829138380264298
2019_1234_1279,0.4789221744247308
2019_1235_1279,0.5418158355953097
2019_1242_1279,0.5277366312405847
2019_1243_1279,0.5115530614531618
2019_1246_1279,0.6652517451549912
2019_1251_1279,0.34434262002961463
2019_1257_1279,0.4754910476740258
2019_1261_1279,0.626071429620457
2019_1266_1279,0.4454510872947298
2019_1268_1279,0.5067165835466158
2019_1276_1279,0.573243825359532
2019_1277_1279,0.6452878146874349
2019_1278_1279,0.4501227406558318
2019_1101_1280,0.16925250398595032
2019_1113_1280,0.3563810348846581
2019_1120_1280,0.5435200209705786
2019_1124_1280,0.4090570839997045
2019_1125_1280,0.5108727927069838
2019_1133_1280,0.1440027998105478
2019_1138_1280,0.5654840432792629
2019_1153_1280,0.4832898214930847
2019_1159_1280,0.20826924899594396
2019_1181_1280,0.6837300114191713
2019_1192_1280,0.12360879449695501
2019_1196_1280,0.387031145116476
2019_1199_1280,0.49838893071512264
2019_1205_1280,0.13356687963633126
2019_1209_1280,0.20290428606158692
2019_1211_1280,0.7789247560042775
2019_1222_1280,0.5525255392683257
2019_1233_1280,0.13209664963506737
2019_1234_1280,0.4145633586430738
2019_1235_1280,0.4792171910522429
2019_1242_1280,0.4627032133146912
2019_1243_1280,0.4502301902065136
2019_1246_1280,0.6096376685567068
2019_1251_1280,0.29731105103033595
2019_1257_1280,0.4118363145544319
2019_1261_1280,0.5683826213996432
2019_1266_1280,0.3868252306640257
2019_1268_1280,0.44144803602858285
2019_1276_1280,0.5130831371658616
2019_1277_1280,0.5893281599449387
2019_1278_1280,0.38733908901975983
2019_1279_1280,0.42082662337278975
2019_1101_1285,0.34623477279686327
2019_1113_1285,0.6586826931475316
2019_1120_1285,0.7850427217179121
2019_1124_1285,0.7011415210689039
2019_1125_1285,0.7692190820193197
2019_1133_1285,0.2774638823456134
2019_1138_1285,0.7968612159789493
2019_1153_1285,0.7538939384700643
2019_1159_1285,0.4401281371745978
2019_1181_1285,0.844514072293017
2019_1192_1285,0.21494032239751276
2019_1196_1285,0.6848505593289992
2019_1199_1285,0.7619164710535329
2019_1205_1285,0.2435420186498674
2019_1209_1285,0.43232732673268226
2019_1211_1285,0.875438465720874
2019_1222_1285,0.7902910060219349
2019_1233_1285,0.24186368683224205
2019_1234_1285,0.705713684103989
2019_1235_1285,0.7513133772424629
2019_1242_1285,0.7393757960404579
2019_1243_1285,0.7311126196924115
2019_1246_1285,0.816031056984954
2019_1251_1285,0.5901833905800156
2019_1257_1285,0.7056927969904832
2019_1261_1285,0.7968339639127016
2019_1266_1285,0.6861919561281516
2019_1268_1285,0.7256858404086549
2019_1276_1285,0.7694824574015293
2019_1277_1285,0.8075101374587443
2019_1278_1285,0.6845614553335128
2019_1279_1285,0.7125215634757803
2019_1280_1285,0.7553183576567717
2019_1101_1293,0.18665360956541213
2019_1113_1293,0.40606476018727367
2019_1120_1293,0.5960241870297337
2019_1124_1293,0.4602666946858161
2019_1125_1293,0.562274992126504
2019_1133_1293,0.15521670059848683
2019_1138_1293,0.6164917535488387
2019_1153_1293,0.5399139181671392
2019_1159_1293,0.23336474970082935
2019_1181_1293,0.7218880423935393
2019_1192_1293,0.13123122016537975
2019_1196_1293,0.4373570793691391
2019_1199_1293,0.5531260347632612
2019_1205_1293,0.14242363441103575
2019_1209_1293,0.22754797436081362
2019_1211_1293,0.8014784447155081
2019_1222_1293,0.6067685067678652
2019_1233_1293,0.14229031811755125
2019_1234_1293,0.46626139050842297
2019_1235_1293,0.5289449232396347
2019_1242_1293,0.5143000061786651
2019_1243_1293,0.5004042968190654
2019_1246_1293,0.657349228442392
2019_1251_1293,0.33976068292435735
2019_1257_1293,0.46287837230003576
2019_1261_1293,0.6154105902015666
2019_1266_1293,0.43777524016801994
2019_1268_1293,0.49485292526138785
2019_1276_1293,0.5660057276531748
2019_1277_1293,0.6360384195624713
2019_1278_1293,0.4370605512462914
2019_1279_1293,0.47423658704978083
2019_1280_1293,0.5413654709955603
2019_1285_1293,0.26122221184284383
2019_1101_1295,0.6715991309014785
2019_1113_1295,0.8430301562656686
2019_1120_1295,0.8795456931178464
2019_1124_1295,0.8553821955320164
2019_1125_1295,0.8754086856720015
2019_1133_1295,0.5937073368451907
2019_1138_1295,0.8825858665497337
2019_1153_1295,0.8707497491953653
2019_1159_1295,0.7427929043898771
2019_1181_1295,0.8946753346589728
2019_1192_1295,0.4927207074175639
2019_1196_1295,0.8502235107464277
2019_1199_1295,0.8718777468327615
2019_1205_1295,0.5424960250164622
2019_1209_1295,0.739844157043071
2019_1211_1295,0.9060945083462728
2019_1222_1295,0.8815685437613977
2019_1233_1295,0.5397681227331635
2019_1234_1295,0.857007569568461
2019_1235_1295,0.8674006050510922
2019_1242_1295,0.8667220894732026
2019_1243_1295,0.8638847255532748
2019_1246_1295,0.8877092626099955
2019_1251_1295,0.8145456733757183
2019_1257_1295,0.8553131831335145
2019_1261_1295,0.8822677005250144
2019_1266_1295,0.8482938489109492
2019_1268_1295,0.8622367503384284
2019_1276_1295,0.8734207889874865
2019_1277_1295,0.8849564021499331
2019_1278_1295,0.8500698873826237
2019_1279_1295,0.8584696891761031
2019_1280_1295,0.869976938018986
2019_1285_1295,0.769421453826589
2019_1293_1295,0.8623997645843132
2019_1101_1297,0.2999897178440624
2019_1113_1297,0.6074382395404966
2019_1120_1297,0.7537948205572592
2019_1124_1297,0.657663045272192
2019_1125_1297,0.7363164835732227
2019_1133_1297,0.24188255083110335
2019_1138_1297,0.7688055479312075
2019_1153_1297,0.7162567350612746
2019_1159_1297,0.38548515901536
2019_1181_1297,0.8266168343831727
2019_1192_1297,0.18949918784473702
2019_1196_1297,0.6375061097705261
2019_1199_1297,0.7265240172885342
2019_1205_1297,0.2133188933044164
2019_1209_1297,0.3785178828896146
2019_1211_1297,0.8656592818926486
2019_1222_1297,0.7619307390642132
2019_1233_1297,0.21216914000321016
2019_1234_1297,0.6612397539876682
2019_1235_1297,0.7136182299255865
2019_1242_1297,0.7009957818953412
2019_1243_1297,0.6906946925113983
2019_1246_1297,0.7915018945246135
2019_1251_1297,0.534693271553167
2019_1257_1297,0.6612445356045854
2019_1261_1297,0.7675656265221319
2019_1266_1297,0.6384193588644099
2019_1268_1297,0.6853262271162449
2019_1276_1297,0.7368357708518738
2019_1277_1297,0.7822482839530563
2019_1278_1297,0.6365500008757128
2019_1279_1297,0.6672351770040191
2019_1280_1297,0.7189037126786068
2019_1285_1297,0.4309295991383201
2019_1293_1297,0.6851631789987456
2019_1295_1297,0.1874609183462128
2019_1101_1300,0.8283957867485815
2019_1113_1300,0.8897111362546326
2019_1120_1300,0.9040350843037819
2019_1124_1300,0.8931524796164483
2019_1125_1300,0.9032704774416213
2019_1133_1300,0.7910169236730923
2019_1138_1300,0.9060809613127134
2019_1153_1300,0.9010373767462686
2019_1159_1300,0.8542467916125706
2019_1181_1300,0.9107150733408518
2019_1192_1300,0.7352211812614209
2019_1196_1300,0.8906449812303237
2019_1199_1300,0.9003833714620217
2019_1205_1300,0.7633632578328697
2019_1209_1300,0.8523279691085989
2019_1211_1300,0.9153702333949438
2019_1222_1300,0.9058632265408216
2019_1233_1300,0.7648776128448292
2019_1234_1300,0.8936427460554435
2019_1235_1300,0.8982567756249837
2019_1242_1300,0.8979786987750059
2019_1243_1300,0.8969732253835074
2019_1246_1300,0.9082440480230605
2019_1251_1300,0.882115197978882
2019_1257_1300,0.8930656680349144
2019_1261_1300,0.9045669575113241
2019_1266_1300,0.8919484907037551
2019_1268_1300,0.8964634207235862
2019_1276_1300,0.9019268237438576
2019_1277_1300,0.9062972307575202
2019_1278_1300,0.8906681978479289
2019_1279_1300,0.8937775304257324
2019_1280_1300,0.8995055890548999
2019_1285_1300,0.8649472365876768
2019_1293_1300,0.8988375693652743
2019_1295_1300,0.7319545475751847
2019_1297_1300,0.8753428808326937
2019_1101_1305,0.14096936557542705
2019_1113_1305,0.2772273083985541
2019_1120_1305,0.4434995663170081
2019_1124_1305,0.31801591481887537
2019_1125_1305,0.40940795673104036
2019_1133_1305,0.1224391268951558
2019_1138_1305,0.4604773752115448
2019_1153_1305,0.38320130549710674
2019_1159_1305,0.16666138445079876
2019_1181_1305,0.5904425613765039
2019_1192_1305,0.10928475524767271
2019_1196_1305,0.2997920007090897
2019_1199_1305,0.39945947855398384
2019_1205_1305,0.11554232730411769
2019_1209_1305,0.1638427665022582
2019_1211_1305,0.7122766574594102
2019_1222_1305,0.45193217059469026
2019_1233_1305,0.1155765519149102
2019_1234_1305,0.32398706478929074
2019_1235_1305,0.3762152545371254
2019_1242_1305,0.36590418006643227
2019_1243_1305,0.3552159067372306
2019_1246_1305,0.507184259987106
2019_1251_1305,0.23137575164221127
2019_1257_1305,0.32110640694227083
2019_1261_1305,0.46600491537480815
2019_1266_1305,0.2987055423061724
2019_1268_1305,0.34649594884593465
2019_1276_1305,0.4143428313852616
2019_1277_1305,0.4809792503682369
2019_1278_1305,0.3013132037720942
2019_1279_1305,0.3286082640261318
2019_1280_1305,0.38798973027609546
2019_1285_1305,0.1834354834186852
2019_1293_1305,0.34247755224291443
2019_1295_1305,0.10919554482894933
2019_1297_1305,0.20817452049857488
2019_1300_1305,0.09087626550387153
2019_1101_1308,0.17798821719850533
2019_1113_1308,0.3836285282178096
2019_1120_1308,0.5741585953083171
2019_1124_1308,0.43677275891769074
2019_1125_1308,0.5420228130222497
2019_1133_1308,0.1493397321804223
2019_1138_1308,0.5956582389328613
2019_1153_1308,0.5172235304723606
2019_1159_1308,0.22090498298229483
2019_1181_1308,0.7039923993667413
2019_1192_1308,0.12723693748487228
2019_1196_1308,0.41351543836949234
2019_1199_1308,0.5289023147331208
2019_1205_1308,0.13743961026128093
2019_1209_1308,0.21649159162953469
2019_1211_1308,0.7911391810327758
2019_1222_1308,0.5839055795079593
2019_1233_1308,0.13685266965841125
2019_1234_1308,0.4419374090880231
2019_1235_1308,0.508633127895598
2019_1242_1308,0.493723791131334
2019_1243_1308,0.4777081599974342
2019_1246_1308,0.6378106684642809
2019_1251_1308,0.3214304633925247
2019_1257_1308,0.4409739016027649
2019_1261_1308,0.5963964013548149
2019_1266_1308,0.41617180149465277
2019_1268_1308,0.47194722345231016
2019_1276_1308,0.5462948116984625
2019_1277_1308,0.6167984905314531
2019_1278_1308,0.4144954693914362
2019_1279_1308,0.4508031193772034
2019_1280_1308,0.5197749600100637
2019_1285_1308,0.24766036947647777
2019_1293_1308,0.46857663628933016
2019_1295_1308,0.1261687327150267
2019_1297_1308,0.28555544443181763
2019_1300_1308,0.09766827412587853
2019_1305_1308,0.6189725115031747
2019_1101_1314,0.13658528557747646
2019_1113_1314,0.2639712532493377
2019_1120_1314,0.42458131121370996
2019_1124_1314,0.3016407553275604
2019_1125_1314,0.3939773359302946
2019_1133_1314,0.12060768697937899
2019_1138_1314,0.4434910210623577
2019_1153_1314,0.36756480167533917
2019_1159_1314,0.16180495033790776
2019_1181_1314,0.5743639488956596
2019_1192_1314,0.10852168669271797
2019_1196_1314,0.2853132538456635
2019_1199_1314,0.37894254601908545
2019_1205_1314,0.11453969859487263
2019_1209_1314,0.15871670631116175
2019_1211_1314,0.6996285588641694
2019_1222_1314,0.4333958234489754
2019_1233_1314,0.1139118328962458
2019_1234_1314,0.30901290820401445
2019_1235_1314,0.3617044085546421
2019_1242_1314,0.3482968600964839
2019_1243_1314,0.33607802127128084
2019_1246_1314,0.4873013496970895
2019_1251_1314,0.2232002764168438
2019_1257_1314,0.30574441936550645
2019_1261_1314,0.4443851116417653
2019_1266_1314,0.2865307376031101
2019_1268_1314,0.3308421702826221
2019_1276_1314,0.3943901720720579
2019_1277_1314,0.4657545037903195
2019_1278_1314,0.2868248614798699
2019_1279_1314,0.31450890213217625
2019_1280_1314,0.3718605964328015
2019_1285_1314,0.17784036195278072
2019_1293_1314,0.3277309557856643
2019_1295_1314,0.10734547617039181
2019_1297_1314,0.2004622211404902
2019_1300_1314,0.09072796904377833
2019_1305_1314,0.467908821634127
2019_1308_1314,0.34727312552195133
2019_1101_1318,0.29212089087255844
2019_1113_1318,0.5984962267006431
2019_1120_1318,0.7423393580006219
2019_1124_1318,0.6464727876984481
2019_1125_1318,0.7202656929657133
2019_1133_1318,0.23571738724001126
2019_1138_1318,0.7585117885883117
2019_1153_1318,0.7037510302768676
2019_1159_1318,0.3707390381015042
2019_1181_1318,0.818333605729797
2019_1192_1318,0.18567182341006747
2019_1196_1318,0.6250845612860074
2019_1199_1318,0.7174107638053515
2019_1205_1318,0.20765993894946372
2019_1209_1318,0.3660499689663399
2019_1211_1318,0.860641357416392
2019_1222_1318,0.7498019375636982
2019_1233_1318,0.20577238342731263
2019_1234_1318,0.6501568996518172
2019_1235_1318,0.6977705698849962
2019_1242_1318,0.6904461583640144
2019_1243_1318,0.6804143400844413
2019_1246_1318,0.782044151099015
2019_1251_1318,0.5131593585489169
2019_1257_1318,0.649804242364295
2019_1261_1318,0.7610648675150863
2019_1266_1318,0.6226207107851682
2019_1268_1318,0.6755397672147376
2019_1276_1318,0.7247638569311774
2019_1277_1318,0.769983683997261
2019_1278_1318,0.627214117067537
2019_1279_1318,0.6580768121139009
2019_1280_1318,0.7069763210236619
2019_1285_1318,0.41615785469606564
2019_1293_1318,0.6690482310815048
2019_1295_1318,0.17999693974358896
2019_1297_1318,0.47210177600024683
2019_1300_1318,0.119474540805484
2019_1305_1318,0.7700815489837136
2019_1308_1318,0.6859292710189979
2019_1314_1318,0.7819142870476242
2019_1101_1326,0.23125723507682924
2019_1113_1326,0.49971832046363707
2019_1120_1326,0.6774515589436068
2019_1124_1326,0.5562335395008798
2019_1125_1326,0.6499879099002988
2019_1133_1326,0.19141533997663043
2019_1138_1326,0.6935774361830785
2019_1153_1326,0.6245977997648763
2019_1159_1326,0.29344905211282374
2019_1181_1326,0.7780795973170868
2019_1192_1326,0.15689629136417588
2019_1196_1326,0.5337550039241415
2019_1199_1326,0.640093628593454
2019_1205_1326,0.17295126265575642
2019_1209_1326,0.2887329980292168
2019_1211_1326,0.8382165381812149
2019_1222_1326,0.6867309615119329
2019_1233_1326,0.17337515748319599
2019_1234_1326,0.5635665616279282
2019_1235_1326,0.6200423729480519
2019_1242_1326,0.6090263794357764
2019_1243_1326,0.5928336324809945
2019_1246_1326,0.7280240455447098
2019_1251_1326,0.4183110790374125
2019_1257_1326,0.5603378706714873
2019_1261_1326,0.6947434238728865
2019_1266_1326,0.5276463262305072
2019_1268_1326,0.5903836112236956
2019_1276_1326,0.6517565841454558
2019_1277_1326,0.7110198818455902
2019_1278_1326,0.5356096412593823
2019_1279_1326,0.5699583275302041
2019_1280_1326,0.6300058141112088
2019_1285_1326,0.3304424377953534
2019_1293_1326,0.5848344568770135
2019_1295_1326,0.15507845383961824
2019_1297_1326,0.37999106905176855
2019_1300_1326,0.11153486410775584
2019_1305_1326,0.7094543844141622
2019_1308_1326,0.6043189094359165
2019_1314_1326,0.7281460244831912
2019_1318_1326,0.3930160891345228
2019_1101_1328,0.21172015899422447
2019_1113_1328,0.459213245369688
2019_1120_1328,0.6452931879238618
2019_1124_1328,0.5155939934429364
2019_1125_1328,0.6106336440708078
2019_1133_1328,0.17638570416743135
2019_1138_1328,0.6554512406978327
2019_1153_1328,0.5845447268332161
2019_1159_1328,0.2687835206994139
2019_1181_1328,0.7511175237595512
2019_1192_1328,0.14997715223015412
2019_1196_1328,0.4908493397459661
2019_1199_1328,0.5984282750166072
2019_1205_1328,0.1628806573958349
2019_1209_1328,0.2624570767774011
2019_1211_1328,0.8219229770491352
2019_1222_1328,0.648677715035421
2019_1233_1328,0.16319234060448418
2019_1234_1328,0.5240474875784972
2019_1235_1328,0.5809109895545504
2019_1242_1328,0.5655376079160658
2019_1243_1328,0.5512562330847084
2019_1246_1328,0.695047536131449
2019_1251_1328,0.3779953405921988
2019_1257_1328,0.5172456454056703
2019_1261_1328,0.6617948160343397
2019_1266_1328,0.48389507602621834
2019_1268_1328,0.5468693899428675
2019_1276_1328,0.6124730773950753
2019_1277_1328,0.6720916567284583
2019_1278_1328,0.4924481967726016
2019_1279_1328,0.5301587589815612
2019_1280_1328,0.5929210234009505
2019_1285_1328,0.3006987255373956
2019_1293_1328,0.5373595886088103
2019_1295_1328,0.14756699152434144
2019_1297_1328,0.3455278054120016
2019_1300_1328,0.11035622600567119
2019_1305_1328,0.6728270402454025
2019_1308_1328,0.5597132350846243
2019_1314_1328,0.6949270703705794
2019_1318_1328,0.3577686187802702
2019_1326_1328,0.4432776055598746
2019_1101_1330,0.3794570209423229
2019_1113_1330,0.688875718594255
2019_1120_1330,0.8004120065938638
2019_1124_1330,0.7270793515418493
2019_1125_1330,0.7846032593000266
2019_1133_1330,0.3053317645906322
2019_1138_1330,0.8104783211427328
2019_1153_1330,0.7722094300734266
2019_1159_1330,0.47429203516745166
2019_1181_1330,0.8521732524350419
2019_1192_1330,0.2353233210796324
2019_1196_1330,0.7122897702938027
2019_1199_1330,0.7802585170705965
2019_1205_1330,0.26829963707262994
2019_1209_1330,0.46854979484297105
2019_1211_1330,0.8793033061978195
2019_1222_1330,0.8061868424281757
2019_1233_1330,0.26999023633432084
2019_1234_1330,0.7307873905365879
2019_1235_1330,0.768673920523831
2019_1242_1330,0.7630740188488383
2019_1243_1330,0.7524454949003684
2019_1246_1330,0.8270645470655887
2019_1251_1330,0.6201964035624311
2019_1257_1330,0.7292461422487738
2019_1261_1330,0.8076339538237096
2019_1266_1330,0.7114407221883277
2019_1268_1330,0.749345056315283
2019_1276_1330,0.7867191514224195
2019_1277_1330,0.8190723413151813
2019_1278_1330,0.7126375013199479
2019_1279_1330,0.7351065236092327
2019_1280_1330,0.7731762157119737
2019_1285_1330,0.5227828822505919
2019_1293_1330,0.7470012589124829
2019_1295_1330,0.23462128281973343
2019_1297_1330,0.5788517922586299
2019_1300_1330,0.13864490669056884
2019_1305_1330,0.818612494145333
2019_1308_1330,0.7599079215171807
2019_1314_1330,0.8273767240414551
2019_1318_1330,0.5943269659150663
2019_1326_1330,0.6774242795546307
2019_1328_1330,0.7124758088323891
2019_1101_1332,0.24300295705592284
2019_1113_1332,0.522649668550077
2019_1120_1332,0.6965777008657895
2019_1124_1332,0.5823034394149347
2019_1125_1332,0.6735868104284952
2019_1133_1332,0.20121542744828458
2019_1138_1332,0.7121275418782388
2019_1153_1332,0.647347786974761
2019_1159_1332,0.3132939045607247
2019_1181_1332,0.7905296549479884
2019_1192_1332,0.1631528879085092
2019_1196_1332,0.560535238700681
2019_1199_1332,0.6583202861752409
2019_1205_1332,0.18104601407182738
2019_1209_1332,0.3081635987444368
2019_1211_1332,0.8444371233614699
2019_1222_1332,0.7050401250875072
2019_1233_1332,0.18123371563207877
2019_1234_1332,0.5865101263620826
2019_1235_1332,0.6451724540793925
2019_1242_1332,0.6313169109787938
2019_1243_1332,0.621679165957017
2019_1246_1332,0.7420730118798655
2019_1251_1332,0.44323996813240274
2019_1257_1332,0.5840507432398934
2019_1261_1332,0.7094270231252443
2019_1266_1332,0.5537303557104967
2019_1268_1332,0.6137639812855211
2019_1276_1332,0.6731753355667258
2019_1277_1332,0.7286819034170269
2019_1278_1332,0.5590714657296577
2019_1279_1332,0.5948921994052672
2019_1280_1332,0.6521951988989174
2019_1285_1332,0.3505528109134733
2019_1293_1332,0.607451229784947
2019_1295_1332,0.16208384223864866
2019_1297_1332,0.40196548404123694
2019_1300_1332,0.11326020896096366
2019_1305_1332,0.7281220396603849
2019_1308_1332,0.6269781640257109
2019_1314_1332,0.7443252712651469
2019_1318_1332,0.416792550918734
2019_1326_1332,0.5137082526232897
2019_1328_1332,0.5622515600462925
2019_1330_1332,0.3273425022696052
2019_1101_1341,0.6909759741236621
2019_1113_1341,0.8472834649978468
2019_1120_1341,0.8834911621800409
2019_1124_1341,0.8581469212562318
2019_1125_1341,0.8789953604051338
2019_1133_1341,0.6152511434760515
2019_1138_1341,0.8861965339529058
2019_1153_1341,0.8748669745011772
2019_1159_1341,0.7577513804343593
2019_1181_1341,0.898395849344048
2019_1192_1341,0.5176306769197516
2019_1196_1341,0.8534392306732728
2019_1199_1341,0.8752759279271384
2019_1205_1341,0.566997500013289
2019_1209_1341,0.7553408204622034
2019_1211_1341,0.9074242570573116
2019_1222_1341,0.8855587272806411
2019_1233_1341,0.5705419509452222
2019_1234_1341,0.861711705102912
2019_1235_1341,0.8712880915199489
2019_1242_1341,0.8704010820135711
2019_1243_1341,0.8666318500564925
2019_1246_1341,0.8910338307212158
2019_1251_1341,0.8240028077419516
2019_1257_1341,0.8593402203287633
2019_1261_1341,0.8847841008000676
2019_1266_1341,0.8552374649220805
2019_1268_1341,0.8668325714566856
2019_1276_1341,0.8779007898276983
2019_1277_1341,0.8887757528272155
2019_1278_1341,0.8538608445021709
2019_1279_1341,0.8617603522652709
2019_1280_1341,0.8745786010810839
2019_1285_1341,0.7826692860217702
2019_1293_1341,0.8677472285666947
2019_1295_1341,0.5139892567674005
2019_1297_1341,0.8086424111246248
2019_1300_1341,0.269218818525718
2019_1305_1341,0.888359102262241
2019_1308_1341,0.8715917609411816
2019_1314_1341,0.8905236732386416
2019_1318_1341,0.8139439138163054
2019_1326_1341,0.8415228288436745
2019_1328_1341,0.8537274345174093
2019_1330_1341,0.7657579278846505
2019_1332_1341,0.8367594701533791
2019_1101_1345,0.14936583148934815
2019_1113_1345,0.29996943435335327
2019_1120_1345,0.46851445046258927
2019_1124_1345,0.34217161920930605
2019_1125_1345,0.4343745211055673
2019_1133_1345,0.13004204482211879
2019_1138_1345,0.49036629572287455
2019_1153_1345,0.4121655915794799
2019_1159_1345,0.17936280338435306
2019_1181_1345,0.6196894959668577
2019_1192_1345,0.11623678437087548
2019_1196_1345,0.32382304141513435
2019_1199_1345,0.4253669972310235
2019_1205_1345,0.12315158799794648
2019_1209_1345,0.17519137871419602
2019_1211_1345,0.7343898265817762
2019_1222_1345,0.4792251272850832
2019_1233_1345,0.12160004013782022
2019_1234_1345,0.34897469718109403
2019_1235_1345,0.4051448400012625
2019_1242_1345,0.39269698930105834
2019_1243_1345,0.37983311810442877
2019_1246_1345,0.538336144792635
2019_1251_1345,0.24915170127867797
2019_1257_1345,0.34488606092262547
2019_1261_1345,0.4904081282884299
2019_1266_1345,0.32405056193653375
2019_1268_1345,0.3728386691209273
2019_1276_1345,0.4406163380705847
2019_1277_1345,0.5143093029709354
2019_1278_1345,0.32889452747019426
2019_1279_1345,0.3540640226888476
2019_1280_1345,0.4145380288957225
2019_1285_1345,0.19642213892411878
2019_1293_1345,0.3687780743826015
2019_1295_1345,0.11362502738953505
2019_1297_1345,0.2232694695850103
2019_1300_1345,0.0949549036019727
2019_1305_1345,0.5152377287871301
2019_1308_1345,0.38847850161974257
2019_1314_1345,0.5392117243023631
2019_1318_1345,0.22902035204840152
2019_1326_1345,0.2877150212929317
2019_1328_1345,0.3258421030267776
2019_1330_1345,0.1838962989185486
2019_1332_1345,0.27177018671423686
2019_1341_1345,0.11384890196655427
2019_1101_1371,0.22391502789665801
2019_1113_1371,0.482381390780917
2019_1120_1371,0.6668087878218463
2019_1124_1371,0.540323035557161
2019_1125_1371,0.629549582873718
2019_1133_1371,0.18383409507077708
2019_1138_1371,0.6783540292450992
2019_1153_1371,0.6108642868173191
2019_1159_1371,0.2848081884067787
2019_1181_1371,0.7675644478126691
2019_1192_1371,0.15536631045201774
2019_1196_1371,0.5162905712865974
2019_1199_1371,0.6242044487499319
2019_1205_1371,0.16926768884790241
2019_1209_1371,0.27890719148848625
2019_1211_1371,0.8316941653297483
2019_1222_1371,0.6705637195196258
2019_1233_1371,0.16895377816861404
2019_1234_1371,0.5490330328472772
2019_1235_1371,0.602198488257195
2019_1242_1371,0.5930917570527635
2019_1243_1371,0.5765728989177482
2019_1246_1371,0.7160279954190066
2019_1251_1371,0.4018348628291784
2019_1257_1371,0.5418494943691194
2019_1261_1371,0.6843868595654657
2019_1266_1371,0.5109362972977453
2019_1268_1371,0.5723535840344115
2019_1276_1371,0.6357148202335569
2019_1277_1371,0.6955741064860324
2019_1278_1371,0.5170474387658731
2019_1279_1371,0.5550906000376051
2019_1280_1371,0.6156662205299688
2019_1285_1371,0.316482512265287
2019_1293_1371,0.5636224240397808
2019_1295_1371,0.15271283812764722
2019_1297_1371,0.3652226509431335
2019_1300_1371,0.11077302342731482
2019_1305_1371,0.6950940222198344
2019_1308_1371,0.5862546783819749
2019_1314_1371,0.7144716482986108
2019_1318_1371,0.3808249328963555
2019_1326_1371,0.4675041638921531
2019_1328_1371,0.5176342814789632
2019_1330_1371,0.29502388221187154
2019_1332_1371,0.4437578609398032
2019_1341_1371,0.14819998560225073
2019_1345_1371,0.6796256420733648
2019_1101_1385,0.26031173055588014
2019_1113_1385,0.5505675472491658
2019_1120_1385,0.7156527509658351
2019_1124_1385,0.6039909613404429
2019_1125_1385,0.6888083806942812
2019_1133_1385,0.21072087836699527
2019_1138_1385,0.7292961884521714
2019_1153_1385,0.6681635513571962
2019_1159_1385,0.3318409127243579
2019_1181_1385,0.8008720877860822
2019_1192_1385,0.16936697716732946
2019_1196_1385,0.5825723034240856
2019_1199_1385,0.6834355393474056
2019_1205_1385,0.18812306286820987
2019_1209_1385,0.3252197810446203
2019_1211_1385,0.8509274156487161
2019_1222_1385,0.7227381213631485
2019_1233_1385,0.18817569466402712
2019_1234_1385,0.6098720350919629
2019_1235_1385,0.6637625367137778
2019_1242_1385,0.653532586797506
2019_1243_1385,0.6401181176217307
2019_1246_1385,0.7586892457441057
2019_1251_1385,0.4684135884928907
2019_1257_1385,0.6067454685434818
2019_1261_1385,0.7316536303187599
2019_1266_1385,0.5793996757001612
2019_1268_1385,0.633913064591134
2019_1276_1385,0.6919830459002108
2019_1277_1385,0.7432536526570311
2019_1278_1385,0.5818861964866971
2019_1279_1385,0.6171004173356918
2019_1280_1385,0.6728257549808041
2019_1285_1385,0.3747855963342734
2019_1293_1385,0.6295562851157726
2019_1295_1385,0.16849734635899458
2019_1297_1385,0.42865030294666767
2019_1300_1385,0.11512262798092639
2019_1305_1385,0.7428030612967722
2019_1308_1385,0.6499705287754977
2019_1314_1385,0.7572736819527257
2019_1318_1385,0.4423388966123064
2019_1326_1385,0.5374190619869965
2019_1328_1385,0.5829347869307868
2019_1330_1385,0.34584848033486226
2019_1332_1385,0.5127300475467405
2019_1341_1385,0.16299160009973473
2019_1345_1385,0.7270503081012962
2019_1371_1385,0.5551414487119981
2019_1101_1387,0.35859995806230194
2019_1113_1387,0.6704180634730087
2019_1120_1387,0.7912781698419697
2019_1124_1387,0.712432447234218
2019_1125_1387,0.774238089801989
2019_1133_1387,0.28961501517091964
2019_1138_1387,0.8011267688706616
2019_1153_1387,0.7626425316405699
2019_1159_1387,0.4520823294196899
2019_1181_1387,0.8469243415809461
2019_1192_1387,0.22517559803504109
2019_1196_1387,0.6953576487532457
2019_1199_1387,0.7684196888476899
2019_1205_1387,0.25492006039251686
2019_1209_1387,0.4442203402285524
2019_1211_1387,0.8768518067232263
2019_1222_1387,0.7977007155545502
2019_1233_1387,0.2576080046464175
2019_1234_1387,0.7188172955358663
2019_1235_1387,0.7551551591683937
2019_1242_1387,0.7486039067195166
2019_1243_1387,0.7406185790699819
2019_1246_1387,0.8203686943568549
2019_1251_1387,0.5992257243522275
2019_1257_1387,0.7132710555976215
2019_1261_1387,0.8007766918174422
2019_1266_1387,0.6923875498576638
2019_1268_1387,0.7350659475438898
2019_1276_1387,0.7755438367568888
2019_1277_1387,0.8096192015640209
2019_1278_1387,0.6978163788881409
2019_1279_1387,0.7227932295232119
2019_1280_1387,0.7619901190087286
2019_1285_1387,0.49962578592899637
2019_1293_1387,0.7341589815863949
2019_1295_1387,0.22615230492687582
2019_1297_1387,0.5570381818107832
2019_1300_1387,0.13628000631212597
2019_1305_1387,0.810146977574994
2019_1308_1387,0.7474278566370076
2019_1314_1387,0.8196402918933365
2019_1318_1387,0.5726537006703577
2019_1326_1387,0.6592474447177039
2019_1328_1387,0.6970002795764809
2019_1330_1387,0.4720105849070102
2019_1332_1387,0.6384032540705964
2019_1341_1387,0.21383588833536962
2019_1345_1387,0.7995394481782029
2019_1371_1387,0.674775451071374
2019_1385_1387,0.6138150417949046
2019_1101_1388,0.21143478550740635
2019_1113_1388,0.4591904500210266
2019_1120_1388,0.6463867040963215
2019_1124_1388,0.5161915903889598
2019_1125_1388,0.6187494216118038
2019_1133_1388,0.17328161596425398
2019_1138_1388,0.6661106572323218
2019_1153_1388,0.5931476245482554
2019_1159_1388,0.26625760857945485
2019_1181_1388,0.7571401331411308
2019_1192_1388,0.143606310325656
2019_1196_1388,0.49307272986965023
2019_1199_1388,0.6064033997656002
2019_1205_1388,0.1577589378945711
2019_1209_1388,0.2599761998850437
2019_1211_1388,0.8262242645845177
2019_1222_1388,0.6539289349447501
2019_1233_1388,0.15660518484904046
2019_1234_1388,0.5228383358109211
2019_1235_1388,0.5873536376024947
2019_1242_1388,0.5713721786846759
2019_1243_1388,0.5563754027112671
2019_1246_1388,0.7022821425258912
2019_1251_1388,0.3859667617926551
2019_1257_1388,0.5216897603686904
2019_1261_1388,0.662794254558056
2019_1266_1388,0.4926842293209876
2019_1268_1388,0.5493057010028246
2019_1276_1388,0.6196451881215375
2019_1277_1388,0.6861324678817611
2019_1278_1388,0.49085698037565273
2019_1279_1388,0.5288083311890424
2019_1280_1388,0.5938933012710449
2019_1285_1388,0.29924558736862844
2019_1293_1388,0.5505978152441238
2019_1295_1388,0.14239235110733967
2019_1297_1388,0.3457707735302629
2019_1300_1388,0.10426305596730806
2019_1305_1388,0.6864417032650919
2019_1308_1388,0.5700630557210913
2019_1314_1388,0.702304519989692
2019_1318_1388,0.3561529567327694
2019_1326_1388,0.4448628973985001
2019_1328_1388,0.49296048788681573
2019_1330_1388,0.27618336401148086
2019_1332_1388,0.4233134948376779
2019_1341_1388,0.13906059623679107
2019_1345_1388,0.6629375056810101
2019_1371_1388,0.4619791495311869
2019_1385_1388,0.3961519532547845
2019_1387_1388,0.2873696911269793
2019_1101_1393,0.20413334764840357
2019_1113_1393,0.44290401410835195
2019_1120_1393,0.6277559936542474
2019_1124_1393,0.5005414002749805
2019_1125_1393,0.5951065750655855
2019_1133_1393,0.1711960271856281
2019_1138_1393,0.6428546172542894
2019_1153_1393,0.5689629408136309
2019_1159_1393,0.2566640642615434
2019_1181_1393,0.7465883639354134
2019_1192_1393,0.1440536691529949
2019_1196_1393,0.47872135717676795
2019_1199_1393,0.5848433199421335
2019_1205_1393,0.15748699476751693
2019_1209_1393,0.2516309927263032
2019_1211_1393,0.815860830047782
2019_1222_1393,0.6358611871940314
2019_1233_1393,0.15714931746789815
2019_1234_1393,0.5063907556856109
2019_1235_1393,0.5654305955156085
2019_1242_1393,0.5543561060942762
2019_1243_1393,0.5384037409366693
2019_1246_1393,0.6820169263252919
2019_1251_1393,0.3633644317526526
2019_1257_1393,0.5037102746147263
2019_1261_1393,0.6461570407716327
2019_1266_1393,0.46936947226935183
2019_1268_1393,0.5335713053682122
2019_1276_1393,0.5969943592470958
2019_1277_1393,0.662990594575454
2019_1278_1393,0.47868779143902257
2019_1279_1393,0.5143199672803421
2019_1280_1393,0.5772533186205564
2019_1285_1393,0.28653523321121166
2019_1293_1393,0.5226545076141702
2019_1295_1393,0.1419295187286985
2019_1297_1393,0.32947454220487726
2019_1300_1393,0.10768638612670854
2019_1305_1393,0.6623436878856743
2019_1308_1393,0.5449611056519946
2019_1314_1393,0.6836648207754811
2019_1318_1393,0.34188342538124267
2019_1326_1393,0.4316186228376261
2019_1328_1393,0.4807619775122498
2019_1330_1393,0.26795331078290874
2019_1332_1393,0.4046849506894168
2019_1341_1393,0.13986707783817745
2019_1345_1393,0.6465750781912195
2019_1371_1393,0.45014296116860864
2019_1385_1393,0.38102376219083006
2019_1387_1393,0.282172871192208
2019_1388_1393,0.4680138505876258
2019_1101_1396,0.240352793828102
2019_1113_1396,0.5159384863333828
2019_1120_1396,0.6910384873545021
2019_1124_1396,0.5705944609113542
2019_1125_1396,0.6635718421168905
2019_1133_1396,0.1947131094188822
2019_1138_1396,0.7068078418805074
2019_1153_1396,0.6425170242440561
2019_1159_1396,0.3073083989665735
2019_1181_1396,0.7865500908033637
2019_1192_1396,0.16095823694259184
2019_1196_1396,0.5465887364494586
2019_1199_1396,0.655984451051252
2019_1205_1396,0.1780359716548137
2019_1209_1396,0.30072561378190416
2019_1211_1396,0.8426036704050348
2019_1222_1396,0.7009504238659316
2019_1233_1396,0.17733574237962801
2019_1234_1396,0.5800408677317709
2019_1235_1396,0.6344786070491594
2019_1242_1396,0.6223707685239385
2019_1243_1396,0.6085131361316191
2019_1246_1396,0.7397956204687647
2019_1251_1396,0.43597153136229566
2019_1257_1396,0.5737546135507529
2019_1261_1396,0.7054681083551483
2019_1266_1396,0.5458230529594882
2019_1268_1396,0.6021234706030423
2019_1276_1396,0.6679851476465931
2019_1277_1396,0.7221786466772109
2019_1278_1396,0.5499657738139453
2019_1279_1396,0.5845511633294304
2019_1280_1396,0.6427213458213564
2019_1285_1396,0.3428438107450279
2019_1293_1396,0.6004805334347586
2019_1295_1396,0.16006377902558322
2019_1297_1396,0.39429349099910105
2019_1300_1396,0.11272596114550071
2019_1305_1396,0.723059535589537
2019_1308_1396,0.6206013705885814
2019_1314_1396,0.738391695113194
2019_1318_1396,0.4095381957804645
2019_1326_1396,0.5011021749516235
2019_1328_1396,0.5493657925824269
2019_1330_1396,0.31841731883017943
2019_1332_1396,0.4781330558816017
2019_1341_1396,0.15420031021374342
2019_1345_1396,0.7046389954041018
2019_1371_1396,0.520720312451049
2019_1385_1396,0.45166114514703026
2019_1387_1396,0.33085247572188076
2019_1388_1396,0.5443000003009815
2019_1393_1396,0.5591534824654647
2019_1101_1397,0.13389519985668294
2019_1113_1397,0.25611092553785775
2019_1120_1397,0.4099345012981553
2019_1124_1397,0.29258235828663587
2019_1125_1397,0.37439531974931595
2019_1133_1397,0.11901675465444092
2019_1138_1397,0.42373840581804506
2019_1153_1397,0.35346026251195556
2019_1159_1397,0.1579437416467442
2019_1181_1397,0.553652794991561
2019_1192_1397,0.10660834496286457
2019_1196_1397,0.2763541556746042
2019_1199_1397,0.36701260474485875
2019_1205_1397,0.11256752194108641
2019_1209_1397,0.1547163988510877
2019_1211_1397,0.6831845422514814
2019_1222_1397,0.41356273641470453
2019_1233_1397,0.11204833327651753
2019_1234_1397,0.29952588135136127
2019_1235_1397,0.34650843487714067
2019_1242_1397,0.3342047729063393
2019_1243_1397,0.32389336545626735
2019_1246_1397,0.4740133836280129
2019_1251_1397,0.21385645288399113
2019_1257_1397,0.2964351620712539
2019_1261_1397,0.4292386626688339
2019_1266_1397,0.2763363148623713
2019_1268_1397,0.3198660955041225
2019_1276_1397,0.3786855266188869
2019_1277_1397,0.4464660051688096
2019_1278_1397,0.2787588576884335
2019_1279_1397,0.3052180788579665
2019_1280_1397,0.3588744287497801
2019_1285_1397,0.17270405321538923
2019_1293_1397,0.3115126160795227
2019_1295_1397,0.1060364502095794
2019_1297_1397,0.19363066610940788
2019_1300_1397,0.09024463014697205
2019_1305_1397,0.4502658603322305
2019_1308_1397,0.3322361097235969
2019_1314_1397,0.4700857463261482
2019_1318_1397,0.19888860154353763
2019_1326_1397,0.2454393194645811
2019_1328_1397,0.2774480100818311
2019_1330_1397,0.1605322304998316
2019_1332_1397,0.23464870777071456
2019_1341_1397,0.10523262035012737
2019_1345_1397,0.42643965005889
2019_1371_1397,0.25796304061499953
2019_1385_1397,0.21912371878497924
2019_1387_1397,0.16602786000759073
2019_1388_1397,0.27538300059204307
2019_1393_1397,0.2855554088368211
2019_1396_1397,0.23487875740763278
2019_1101_1403,0.1479312515550977
2019_1113_1403,0.2983228344940678
2019_1120_1403,0.47143650814103927
2019_1124_1403,0.3439858802944702
2019_1125_1403,0.43878930873109706
2019_1133_1403,0.13015837986198628
2019_1138_1403,0.48905295573331786
2019_1153_1403,0.40713237555128096
2019_1159_1403,0.1782881017766314
2019_1181_1403,0.6191789236631723
2019_1192_1403,0.11470605420751005
2019_1196_1403,0.3249081769768772
2019_1199_1403,0.4240099585540665
2019_1205_1403,0.12249064764509861
2019_1209_1403,0.17711496177262195
2019_1211_1403,0.7352984162978261
2019_1222_1403,0.479807155070169
2019_1233_1403,0.12259046447213456
2019_1234_1403,0.3500062779051674
2019_1235_1403,0.405071446466332
2019_1242_1403,0.3926631853927116
2019_1243_1403,0.3818103062294088
2019_1246_1403,0.5323222529160332
2019_1251_1403,0.24536575721776807
2019_1257_1403,0.34413487930679976
2019_1261_1403,0.49213045005574596
2019_1266_1403,0.32160616048711765
2019_1268_1403,0.37268581117718913
2019_1276_1403,0.44187024037384176
2019_1277_1403,0.5129681773921617
2019_1278_1403,0.3270680141601138
2019_1279_1403,0.3555514430419986
2019_1280_1403,0.4161066343465581
2019_1285_1403,0.19499274535070374
2019_1293_1403,0.3682556740835903
2019_1295_1403,0.11403604527112798
2019_1297_1403,0.22185629271979956
2019_1300_1403,0.09453118246038784
2019_1305_1403,0.5150386314488729
2019_1308_1403,0.3874683434532181
2019_1314_1403,0.5341901770948814
2019_1318_1403,0.22984590626897297
2019_1326_1403,0.2897161039054962
2019_1328_1403,0.32639033721566235
2019_1330_1403,0.18377111036127217
2019_1332_1403,0.2728389141806442
2019_1341_1403,0.11271750584579106
2019_1345_1403,0.4876097389420065
2019_1371_1403,0.30549985587387163
2019_1385_1403,0.2582272159625828
2019_1387_1403,0.1899339066723276
2019_1388_1403,0.3214434901997419
2019_1393_1403,0.33779591766144157
2019_1396_1403,0.27719043398996207
2019_1397_1403,0.5563044916338677
2019_1101_1414,0.2590791092139284
2019_1113_1414,0.546548111673613
2019_1120_1414,0.7160326334157535
2019_1124_1414,0.6007500253177372
2019_1125_1414,0.6940776308416555
2019_1133_1414,0.20889580224642224
2019_1138_1414,0.7311570746056615
2019_1153_1414,0.6683656132421314
2019_1159_1414,0.3306571790589087
2019_1181_1414,0.8005652174803798
2019_1192_1414,0.1682630228791059
2019_1196_1414,0.5799576307431664
2019_1199_1414,0.6798831035428331
2019_1205_1414,0.1871366849357468
2019_1209_1414,0.32535065190182433
2019_1211_1414,0.8508940958404025
2019_1222_1414,0.7215051063692297
2019_1233_1414,0.18697717589529778
2019_1234_1414,0.6057705655904141
2019_1235_1414,0.6667992208556599
2019_1242_1414,0.652670029240384
2019_1243_1414,0.6390579663030362
2019_1246_1414,0.7579152046367337
2019_1251_1414,0.47055347333951836
2019_1257_1414,0.6044982310967841
2019_1261_1414,0.7272652898721665
2019_1266_1414,0.5802891458753
2019_1268_1414,0.6305808970979768
2019_1276_1414,0.693516092851247
2019_1277_1414,0.74703255494326
2019_1278_1414,0.5791692649174671
2019_1279_1414,0.6124996663755671
2019_1280_1414,0.6711960391592301
2019_1285_1414,0.3708603315016822
2019_1293_1414,0.6323304685526541
2019_1295_1414,0.16641419630922433
2019_1297_1414,0.42698041002957765
2019_1300_1414,0.11357148361307029
2019_1305_1414,0.746429795954266
2019_1308_1414,0.650963214533881
2019_1314_1414,0.7573624285493242
2019_1318_1414,0.4381885433021531
2019_1326_1414,0.5344664424221837
2019_1328_1414,0.5813324404693858
2019_1330_1414,0.34358192539092564
2019_1332_1414,0.5096726151620653
2019_1341_1414,0.16110834391273107
2019_1345_1414,0.7274348518515737
2019_1371_1414,0.552337701607915
2019_1385_1414,0.48550905622713675
2019_1387_1414,0.3568176846196469
2019_1388_1414,0.57750699426535
2019_1393_1414,0.5932603476783013
2019_1396_1414,0.5141952822804444
2019_1397_1414,0.7690093478506302
2019_1403_1414,0.7279012210898318
2019_1101_1416,0.19150552513066893
2019_1113_1416,0.41585634797213616
2019_1120_1416,0.6072574806383482
2019_1124_1416,0.47225716646592075
2019_1125_1416,0.579093149894394
2019_1133_1416,0.16082573342067685
2019_1138_1416,0.6279238776230974
2019_1153_1416,0.5464753567579245
2019_1159_1416,0.2376478109410153
2019_1181_1416,0.7291590492722482
2019_1192_1416,0.13501429240446008
2019_1196_1416,0.4484763571034572
2019_1199_1416,0.5622753972588216
2019_1205_1416,0.14615120836367768
2019_1209_1416,0.23424834373482967
2019_1211_1416,0.8058442230700082
2019_1222_1416,0.6156876448930027
2019_1233_1416,0.14747743846409633
2019_1234_1416,0.47471894399404446
2019_1235_1416,0.5446467521254392
2019_1242_1416,0.5278148797241183
2019_1243_1416,0.5140765813660824
2019_1246_1416,0.6658294815632345
2019_1251_1416,0.3473200725017032
2019_1257_1416,0.4757026803483085
2019_1261_1416,0.6266056123732585
2019_1266_1416,0.44897475456205294
2019_1268_1416,0.5046155694489075
2019_1276_1416,0.5789881584804456
2019_1277_1416,0.6489178291068032
2019_1278_1416,0.4481266344997319
2019_1279_1416,0.48279054243659364
2019_1280_1416,0.5521596310543311
2019_1285_1416,0.2679348900144648
2019_1293_1416,0.5047277311361763
2019_1295_1416,0.13450116421980127
2019_1297_1416,0.31065147252887854
2019_1300_1416,0.10194692359698239
2019_1305_1416,0.6477825778029531
2019_1308_1416,0.5269240935009837
2019_1314_1416,0.6669631308323805
2019_1318_1416,0.3180019610807182
2019_1326_1416,0.4039553299356164
2019_1328_1416,0.4495843226611401
2019_1330_1416,0.24880947117700922
2019_1332_1416,0.38175120149120684
2019_1341_1416,0.1310442225681884
2019_1345_1416,0.6253973757746288
2019_1371_1416,0.4218269830478214
2019_1385_1416,0.35579505366213643
2019_1387_1416,0.25887229770728626
2019_1388_1416,0.44637725697442815
2019_1393_1416,0.4640078538808738
2019_1396_1416,0.38447885677635935
2019_1397_1416,0.6803195488180708
2019_1403_1416,0.6222373810600088
2019_1414_1416,0.36450478533095093
2019_1101_1429,0.16987788065805054
2019_1113_1429,0.3617867267330946
2019_1120_1429,0.5511143539248948
2019_1124_1429,0.41182217801694365
2019_1125_1429,0.5197697024529823
2019_1133_1429,0.14301349893035287
2019_1138_1429,0.5733872282317934
2019_1153_1429,0.48953716259748664
2019_1159_1429,0.20861201304953073
2019_1181_1429,0.687562691931541
2019_1192_1429,0.1234523203082646
2019_1196_1429,0.38878145931732017
2019_1199_1429,0.5027834740930409
2019_1205_1429,0.1330683251933455
2019_1209_1429,0.20459658691777763
2019_1211_1429,0.7805311963456665
2019_1222_1429,0.560315659859659
2019_1233_1429,0.13272214170926455
2019_1234_1429,0.4192106569982267
2019_1235_1429,0.4849114479095245
2019_1242_1429,0.46859440820426745
2019_1243_1429,0.45420649276417374
2019_1246_1429,0.6152925696762758
2019_1251_1429,0.30083074823843153
2019_1257_1429,0.415194987398248
2019_1261_1429,0.5725860592467114
2019_1266_1429,0.3910526594868125
2019_1268_1429,0.44593966337446705
2019_1276_1429,0.5202268844420146
2019_1277_1429,0.5946306361628407
2019_1278_1429,0.3901182835634661
2019_1279_1429,0.426223961659908
2019_1280_1429,0.4936907686619317
2019_1285_1429,0.23293339045536451
2019_1293_1429,0.4435602596092602
2019_1295_1429,0.1225691726400144
2019_1297_1429,0.26905924984847746
2019_1300_1429,0.0955783105376076
2019_1305_1429,0.5957963808710709
2019_1308_1429,0.46825236462807485
2019_1314_1429,0.6170815735899574
2019_1318_1429,0.2752357604052552
2019_1326_1429,0.3465760145588677
2019_1328_1429,0.39147951185180996
2019_1330_1429,0.21456905833976814
2019_1332_1429,0.33032919441616915
2019_1341_1429,0.11971616744661515
2019_1345_1429,0.5692537813414908
2019_1371_1429,0.36411758570877123
2019_1385_1429,0.30884307881723133
2019_1387_1429,0.22357246018064944
2019_1388_1429,0.3896233900728317
2019_1393_1429,0.404105578786958
2019_1396_1429,0.33339015060521987
2019_1397_1429,0.6308158681401237
2019_1403_1429,0.5677248685686903
2019_1414_1429,0.31623109474569505
2019_1416_1429,0.4354165214243935
2019_1101_1433,0.19700405406768506
2019_1113_1433,0.43157773684365947
2019_1120_1433,0.6196950807134934
2019_1124_1433,0.48852834418709357
2019_1125_1433,0.5890690160429075
2019_1133_1433,0.16649263624204957
2019_1138_1433,0.6356026776236621
2019_1153_1433,0.5566178448996062
2019_1159_1433,0.24877630575175033
2019_1181_1433,0.7384648184035724
2019_1192_1433,0.13897995906836336
2019_1196_1433,0.46382957634152133
2019_1199_1433,0.5717811924895659
2019_1205_1433,0.15190712991375319
2019_1209_1433,0.24331183360469547
2019_1211_1433,0.8134880616062824
2019_1222_1433,0.6284596755112923
2019_1233_1433,0.1506431663697302
2019_1234_1433,0.49422431008542733
2019_1235_1433,0.554427509015169
2019_1242_1433,0.542675163919001
2019_1243_1433,0.529660327209071
2019_1246_1433,0.6701754811491065
2019_1251_1433,0.35400913144171775
2019_1257_1433,0.48737353484841467
2019_1261_1433,0.6359981575648543
2019_1266_1433,0.45915784459994985
2019_1268_1433,0.5198947906271879
2019_1276_1433,0.5891625131894803
2019_1277_1433,0.6568857052841113
2019_1278_1433,0.46522467719835864
2019_1279_1433,0.49980039579223334
2019_1280_1433,0.5660954345789857
2019_1285_1433,0.27774761643472046
2019_1293_1433,0.5155605374714692
2019_1295_1433,0.13778155656200441
2019_1297_1433,0.32048874681169065
2019_1300_1433,0.10473668613632382
2019_1305_1433,0.6585758256673312
2019_1308_1433,0.5345975288495051
2019_1314_1433,0.6756087990063867
2019_1318_1433,0.3337244395557292
2019_1326_1433,0.4189570254177826
2019_1328_1433,0.4655406814860603
2019_1330_1433,0.2589296112047926
2019_1332_1433,0.39431923209588315
2019_1341_1433,0.13513593412713845
2019_1345_1433,0.6347730862971093
2019_1371_1433,0.43766289587545426
2019_1385_1433,0.37117534962952325
2019_1387_1433,0.2713354053712931
2019_1388_1433,0.4581292401092803
2019_1393_1433,0.4786478879996214
2019_1396_1433,0.3983193574841485
2019_1397_1433,0.6903673799019792
2019_1403_1433,0.6319320681853555
2019_1414_1433,0.3736299488980661
2019_1416_1433,0.4983100462695407
2019_1429_1433,0.5607273354362288
2019_1101_1436,0.22946405628265798
2019_1113_1436,0.4990171869609238
2019_1120_1436,0.6796572379440935
2019_1124_1436,0.5557181648341843
2019_1125_1436,0.655453120938296
2019_1133_1436,0.18890403081885251
2019_1138_1436,0.6952486353807751
2019_1153_1436,0.6284295943933788
2019_1159_1436,0.2928831056040571
2019_1181_1436,0.7758827842705132
2019_1192_1436,0.15396310584542144
2019_1196_1436,0.5311040175153827
2019_1199_1436,0.639167149747992
2019_1205_1436,0.16904447802465833
2019_1209_1436,0.2874110051401544
2019_1211_1436,0.8348436755873896
2019_1222_1436,0.6838716929686821
2019_1233_1436,0.16991008982494432
2019_1234_1436,0.5601127634578675
2019_1235_1436,0.6250359211931408
2019_1242_1436,0.6094247830502545
2019_1243_1436,0.5949014926813186
2019_1246_1436,0.726456672425673
2019_1251_1436,0.42358962472084105
2019_1257_1436,0.558993078627286
2019_1261_1436,0.696078244921644
2019_1266_1436,0.5339255546174897
2019_1268_1436,0.5873768356733501
2019_1276_1436,0.6551699800417734
2019_1277_1436,0.7135243826028819
2019_1278_1436,0.5333486296587215
2019_1279_1436,0.5682656080832785
2019_1280_1436,0.6315472462768977
2019_1285_1436,0.3304650293108299
2019_1293_1436,0.5841262842163082
2019_1295_1436,0.15225170601528354
2019_1297_1436,0.3822066672721151
2019_1300_1436,0.10809686066479213
2019_1305_1436,0.7118847933731489
2019_1308_1436,0.6080509427129048
2019_1314_1436,0.7285868588362139
2019_1318_1436,0.3907048992323381
2019_1326_1436,0.48486291209690746
2019_1328_1436,0.5337164464696261
2019_1330_1436,0.30279560989698756
2019_1332_1436,0.4616813670482762
2019_1341_1436,0.14879282588420142
2019_1345_1436,0.6957855362518997
2019_1371_1436,0.5057470310172791
2019_1385_1436,0.4350537098486065
2019_1387_1436,0.318267688466141
2019_1388_1436,0.5309700937157726
2019_1393_1436,0.5455134948040968
2019_1396_1436,0.4680782286826623
2019_1397_1436,0.7400616041566787
2019_1403_1436,0.6912586114507264
2019_1414_1436,0.44393818155457027
2019_1416_1436,0.5755222525949365
2019_1429_1436,0.6294984497129484
2019_1433_1436,0.5588702609897489
2019_1101_1437,0.17273214778507925
2019_1113_1437,0.3656588472740934
2019_1120_1437,0.5505758840925931
2019_1124_1437,0.41726892627379003
2019_1125_1437,0.5171620038843029
2019_1133_1437,0.14691154943413084
2019_1138_1437,0.5730332417093015
2019_1153_1437,0.49232240451907155
2019_1159_1437,0.212363559405645
2019_1181_1437,0.6882803979381688
2019_1192_1437,0.12599999539250412
2019_1196_1437,0.39596693109981596
2019_1199_1437,0.5085788975985278
2019_1205_1437,0.1355112164063605
2019_1209_1437,0.20690709642837696
2019_1211_1437,0.7818532553186991
2019_1222_1437,0.5613232299656006
2019_1233_1437,0.13387880584764755
2019_1234_1437,0.4232008021121583
2019_1235_1437,0.48699777594647997
2019_1242_1437,0.47169808454927875
2019_1243_1437,0.45854075018703827
2019_1246_1437,0.6172168137660285
2019_1251_1437,0.3028500843300093
2019_1257_1437,0.4205967412617602
2019_1261_1437,0.5775411259763067
2019_1266_1437,0.3945872678332737
2019_1268_1437,0.45088951015037043
2019_1276_1437,0.5213111949664316
2019_1277_1437,0.5960926466308518
2019_1278_1437,0.3938179929326431
2019_1279_1437,0.4302234742677925
2019_1280_1437,0.4962947081145587
2019_1285_1437,0.23695741863874054
2019_1293_1437,0.4459898016274687
2019_1295_1437,0.12296376376973919
2019_1297_1437,0.2720231809596875
2019_1300_1437,0.09919427864007035
2019_1305_1437,0.595109068194133
2019_1308_1437,0.46908187469119184
2019_1314_1437,0.6184089723656455
2019_1318_1437,0.2795375884393199
2019_1326_1437,0.3532489343984434
2019_1328_1437,0.397942244718038
2019_1330_1437,0.2196730464086461
2019_1332_1437,0.33395415858298383
2019_1341_1437,0.12344325282623303
2019_1345_1437,0.5700592282495065
2019_1371_1437,0.3704593862526147
2019_1385_1437,0.31298170799927
2019_1387_1437,0.22903275297258774
2019_1388_1437,0.39237557398823053
2019_1393_1437,0.40921539378509514
2019_1396_1437,0.336991578657133
2019_1397_1437,0.6304018133941474
2019_1403_1437,0.5686900884594374
2019_1414_1437,0.3189157621675227
2019_1416_1437,0.4347000347522301
2019_1429_1437,0.4934611178867813
2019_1433_1437,0.4211484490078911
2019_1436_1437,0.35615819829712253
2019_1101_1438,0.13320448583696595
2019_1113_1438,0.2503412610913289
2019_1120_1438,0.4004941039399809
2019_1124_1438,0.2839422451491649
2019_1125_1438,0.3650578719149208
2019_1133_1438,0.11560025486065008
2019_1138_1438,0.4161387307855014
2019_1153_1438,0.3446682204864476
2019_1159_1438,0.15411969634838468
2019_1181_1438,0.5457422937843662
2019_1192_1438,0.10580353738559557
2019_1196_1438,0.2660575916261388
2019_1199_1438,0.3669491569950184
2019_1205_1438,0.11149337410413258
2019_1209_1438,0.15153761637808824
2019_1211_1438,0.6783281017832598
2019_1222_1438,0.40536252250104715
2019_1233_1438,0.11092355080662644
2019_1234_1438,0.2911179447518411
2019_1235_1438,0.3368942231453435
2019_1242_1438,0.32824898334774644
2019_1243_1438,0.31665623401878457
2019_1246_1438,0.46369226564194327
2019_1251_1438,0.20747225456496846
2019_1257_1438,0.2853005818899567
2019_1261_1438,0.42307607156979493
2019_1266_1438,0.26783901983336805
2019_1268_1438,0.31043839042897003
2019_1276_1438,0.3707289452691888
2019_1277_1438,0.4367070502636524
2019_1278_1438,0.2696964475322483
2019_1279_1438,0.29392099631758845
2019_1280_1438,0.34812198627911134
2019_1285_1438,0.16872919800519093
2019_1293_1438,0.3066584513538295
2019_1295_1438,0.10540450240803548
2019_1297_1438,0.18893572636353187
2019_1300_1438,0.08932209536434531
2019_1305_1438,0.441644645778083
2019_1308_1438,0.32472976165187006
2019_1314_1438,0.4618901817112679
2019_1318_1438,0.19439507300773246
2019_1326_1438,0.23813596432217746
2019_1328_1438,0.26738012509182385
2019_1330_1438,0.1585919093727227
2019_1332_1438,0.22788778069181714
2019_1341_1438,0.10358571768518264
2019_1345_1438,0.41391748171395837
2019_1371_1438,0.2501637109350948
2019_1385_1438,0.21444743739263458
2019_1387_1438,0.16066825314094133
2019_1388_1438,0.2690914927191399
2019_1393_1438,0.2758530539947706
2019_1396_1438,0.2311928534507284
2019_1397_1438,0.4774055414516208
2019_1403_1438,0.41436938925374134
2019_1414_1438,0.22075127248069853
2019_1416_1438,0.2984831643212991
2019_1429_1438,0.3453735504200179
2019_1433_1438,0.2900504390525515
2019_1436_1438,0.2437275724889647
2019_1437_1438,0.34095033246156736
2019_1101_1439,0.15035800011371564
2019_1113_1439,0.30824527668660306
2019_1120_1439,0.4855074873028969
2019_1124_1439,0.3534759762506958
2019_1125_1439,0.45097060431651587
2019_1133_1439,0.13098713104971402
2019_1138_1439,0.5044386892009772
2019_1153_1439,0.42447417699213996
2019_1159_1439,0.1808377276725113
2019_1181_1439,0.6304560887939316
2019_1192_1439,0.11667214688130297
2019_1196_1439,0.33435236216541664
2019_1199_1439,0.43806462035020716
2019_1205_1439,0.12272096003245696
2019_1209_1439,0.1778947041791872
2019_1211_1439,0.7420171474006606
2019_1222_1439,0.49442055614845337
2019_1233_1439,0.12240862635333459
2019_1234_1439,0.36082284967669753
2019_1235_1439,0.41640186810156565
2019_1242_1439,0.40295147051351454
2019_1243_1439,0.3944607345898059
2019_1246_1439,0.5497631963138906
2019_1251_1439,0.2558900269028305
2019_1257_1439,0.35695967424204833
2019_1261_1439,0.5071273592260163
2019_1266_1439,0.3336028875476561
2019_1268_1439,0.3848661242464264
2019_1276_1439,0.45370404207584714
2019_1277_1439,0.5261155436615497
2019_1278_1439,0.3357771499606535
2019_1279_1439,0.36750903952221936
2019_1280_1439,0.42796847052518316
2019_1285_1439,0.20094220804964574
2019_1293_1439,0.3791653512553728
2019_1295_1439,0.11489754763011666
2019_1297_1439,0.22821311186477183
2019_1300_1439,0.09379675783267921
2019_1305_1439,0.5281689099304075
2019_1308_1439,0.4022482504768352
2019_1314_1439,0.5519877803910945
2019_1318_1439,0.2341904335489755
2019_1326_1439,0.2955130029172171
2019_1328_1439,0.3351282133446563
2019_1330_1439,0.18704116784680877
2019_1332_1439,0.2825416987165643
2019_1341_1439,0.11322462824375033
2019_1345_1439,0.5047773516941971
2019_1371_1439,0.3115216646156682
2019_1385_1439,0.26148024998263364
2019_1387_1439,0.19559041557691764
2019_1388_1439,0.3315800824181376
2019_1393_1439,0.3447143355030689
2019_1396_1439,0.28430978150863834
2019_1397_1439,0.5657651677804034
2019_1403_1439,0.5021895964984512
2019_1414_1439,0.26919745249351235
2019_1416_1439,0.3702884442154701
2019_1429_1439,0.42426355878924066
2019_1433_1439,0.3612605165648649
2019_1436_1439,0.30113192089342466
2019_1437_1439,0.4208800815949705
2019_1438_1439,0.5814202894384585
2019_1101_1449,0.21366946811629173
2019_1113_1449,0.46339621846826945
2019_1120_1449,0.6469094356495912
2019_1124_1449,0.520959331163826
2019_1125_1449,0.6175555906596466
2019_1133_1449,0.17679668063168505
2019_1138_1449,0.6643341587996907
2019_1153_1449,0.5913648781598264
2019_1159_1449,0.26799819959839927
2019_1181_1449,0.7573201533570657
2019_1192_1449,0.1456358599797418
2019_1196_1449,0.4991756914458086
2019_1199_1449,0.6054219922128599
2019_1205_1449,0.16084970711121654
2019_1209_1449,0.26462243563734084
2019_1211_1449,0.824535963367899
2019_1222_1449,0.6543689010643126
2019_1233_1449,0.15998257498442756
2019_1234_1449,0.5250414952938902
2019_1235_1449,0.5876451505505962
2019_1242_1449,0.5756215049375337
2019_1243_1449,0.560948593994101
2019_1246_1449,0.7002372286610001
2019_1251_1449,0.38503690494005127
2019_1257_1449,0.5233838193547653
2019_1261_1449,0.6636441132765322
2019_1266_1449,0.4928219897092808
2019_1268_1449,0.553838566797153
2019_1276_1449,0.6192011165794471
2019_1277_1449,0.68464079400361
2019_1278_1449,0.4956365250993256
2019_1279_1449,0.5324996285534217
2019_1280_1449,0.5961982112794156
2019_1285_1449,0.3010590769281787
2019_1293_1449,0.5470531536170297
2019_1295_1449,0.14418995356675463
2019_1297_1449,0.34741302039852656
2019_1300_1449,0.1069007112945688
2019_1305_1449,0.6838790195273092
2019_1308_1449,0.5680115894358482
2019_1314_1449,0.7023866723101293
2019_1318_1449,0.3589001320610101
2019_1326_1449,0.45066236791250036
2019_1328_1449,0.49976112686656105
2019_1330_1449,0.28041600335689515
2019_1332_1449,0.4308054202304949
2019_1341_1449,0.14140917213940188
2019_1345_1449,0.6633754522309522
2019_1371_1449,0.4693292550561126
2019_1385_1449,0.40164910264839854
2019_1387_1449,0.2937714874937652
2019_1388_1449,0.4895642955768033
2019_1393_1449,0.511686046891531
2019_1396_1449,0.4294217593265144
2019_1397_1449,0.7144162921583306
2019_1403_1449,0.6609066100074739
2019_1414_1449,0.4068854585053518
2019_1416_1449,0.536898562216806
2019_1429_1449,0.5937168005997375
2019_1433_1449,0.5200443150928421
2019_1436_1449,0.45007926219478606
2019_1437_1449,0.5877962076914434
2019_1438_1449,0.7217241967226015
2019_1439_1449,0.652526767535017
2019_1101_1458,0.18785350895769337
2019_1113_1458,0.4044856287017556
2019_1120_1458,0.5950156383546318
2019_1124_1458,0.46071169952322083
2019_1125_1458,0.565256820369506
2019_1133_1458,0.15892948867117637
2019_1138_1458,0.6148835551164664
2019_1153_1458,0.5342008127829558
2019_1159_1458,0.23290491057686122
2019_1181_1458,0.7211341678438142
2019_1192_1458,0.13455138422760862
2019_1196_1458,0.4363289236884225
2019_1199_1458,0.5486619942278373
2019_1205_1458,0.14558299721646642
2019_1209_1458,0.2291752713188552
2019_1211_1458,0.8023967883379153
2019_1222_1458,0.6037564345566748
2019_1233_1458,0.14637770551513987
2019_1234_1458,0.46667706795553154
2019_1235_1458,0.5321781085607099
2019_1242_1458,0.5173835513347879
2019_1243_1458,0.5024229263622155
2019_1246_1458,0.6553116285781307
2019_1251_1458,0.3358304254674675
2019_1257_1458,0.46293920447236164
2019_1261_1458,0.6155494973820254
2019_1266_1458,0.4357234363548121
2019_1268_1458,0.49393407675962103
2019_1276_1458,0.5660678846414493
2019_1277_1458,0.6426959307451453
2019_1278_1458,0.43874968743167525
2019_1279_1458,0.47368244937729115
2019_1280_1458,0.5400808107222524
2019_1285_1458,0.2606682302651654
2019_1293_1458,0.4940404349630096
2019_1295_1458,0.13308613459888716
2019_1297_1458,0.30035129475397504
2019_1300_1458,0.10313847546824799
2019_1305_1458,0.6388889540830424
2019_1308_1458,0.5137809309309755
2019_1314_1458,0.6597171322615274
2019_1318_1458,0.3107454099507637
2019_1326_1458,0.39392595408932496
2019_1328_1458,0.44054282740679235
2019_1330_1458,0.24222977169171825
2019_1332_1458,0.3698521794566958
2019_1341_1458,0.1307262517082725
2019_1345_1458,0.6140569715464231
2019_1371_1458,0.4116611142794944
2019_1385_1458,0.34779874457497584
2019_1387_1458,0.25229355968094647
2019_1388_1458,0.43132114186744946
2019_1393_1458,0.4533563666656013
2019_1396_1458,0.37332299253610834
2019_1397_1458,0.6719621438451974
2019_1403_1458,0.6105366026465289
2019_1414_1458,0.35265543490864654
2019_1416_1458,0.4767873901834922
2019_1429_1458,0.5408528609915764
2019_1433_1458,0.4636229525895213
2019_1436_1458,0.39471541274228134
2019_1437_1458,0.5318189250004952
2019_1438_1458,0.6816723227688313
2019_1439_1458,0.6055819573319764
2019_1449_1458,0.42897864862884133
2019_1101_1459,0.15193280779066093
2019_1113_1459,0.3207607196066453
2019_1120_1459,0.5019066798709051
2019_1124_1459,0.3685470878022316
2019_1125_1459,0.45666764753170397
2019_1133_1459,0.1346129341339022
2019_1138_1459,0.5112787200022977
2019_1153_1459,0.43411050371535675
2019_1159_1459,0.18923456020741808
2019_1181_1459,0.6363920968660476
2019_1192_1459,0.1184670656231082
2019_1196_1459,0.34874962004080107
2019_1199_1459,0.4502974853346256
2019_1205_1459,0.12582892726991612
2019_1209_1459,0.18578089292470876
2019_1211_1459,0.7455015871637847
2019_1222_1459,0.5028569448901827
2019_1233_1459,0.12511946382320585
2019_1234_1459,0.379358870172534
2019_1235_1459,0.4316595797525744
2019_1242_1459,0.41646490494884403
2019_1243_1459,0.4050826166624615
2019_1246_1459,0.561530977408262
2019_1251_1459,0.2596723535083896
2019_1257_1459,0.37043641447765324
2019_1261_1459,0.5225194838312421
2019_1266_1459,0.34496765557948095
2019_1268_1459,0.3991135745273573
2019_1276_1459,0.46345907964968747
2019_1277_1459,0.5348700855249254
2019_1278_1459,0.35289191696339595
2019_1279_1459,0.38498659383654266
2019_1280_1459,0.4454328687379526
2019_1285_1459,0.2076802864154377
2019_1293_1459,0.3891984751147676
2019_1295_1459,0.11677026218287653
2019_1297_1459,0.2372581678084686
2019_1300_1459,0.09450438678617912
2019_1305_1459,0.5390967885843923
2019_1308_1459,0.4102200733461543
2019_1314_1459,0.5586199682556194
2019_1318_1459,0.24753772342880517
2019_1326_1459,0.3097195564142261
2019_1328_1459,0.34860797232636054
2019_1330_1459,0.19098699354859716
2019_1332_1459,0.29020388175573514
2019_1341_1459,0.1150315217031832
2019_1345_1459,0.5185920018165476
2019_1371_1459,0.3275852611980724
2019_1385_1459,0.2748874492883242
2019_1387_1459,0.20103566476534626
2019_1388_1459,0.34592957015840853
2019_1393_1459,0.35967494545301015
2019_1396_1459,0.29608774180968267
2019_1397_1459,0.5747215588508636
2019_1403_1459,0.512972478069829
2019_1414_1459,0.2740418144269952
2019_1416_1459,0.37852291522301496
2019_1429_1459,0.4349139361762431
2019_1433_1459,0.37110690107126165
2019_1436_1459,0.30665919118496465
2019_1437_1459,0.43726920925666385
2019_1438_1459,0.5893214577937073
2019_1439_1459,0.5011566852057594
2019_1449_1459,0.33983006671551014
2019_1458_1459,0.3930835832759347
2019_1101_1463,0.295730237646928
2019_1113_1463,0.600143799766806
2019_1120_1463,0.7499227466069966
2019_1124_1463,0.649232833119287
2019_1125_1463,0.7325886770164195
2019_1133_1463,0.2371855649000976
2019_1138_1463,0.765562412281111
2019_1153_1463,0.712782676708689
2019_1159_1463,0.3759877081175591
2019_1181_1463,0.8238506442251611
2019_1192_1463,0.18713637949717907
2019_1196_1463,0.63029927178222
2019_1199_1463,0.7210722124882009
2019_1205_1463,0.20878722895215265
2019_1209_1463,0.36939100436760075
2019_1211_1463,0.8647102546413928
2019_1222_1463,0.7575822587388216
2019_1233_1463,0.21054134157490725
2019_1234_1463,0.6539069330900967
2019_1235_1463,0.7069501288760126
2019_1242_1463,0.6941795077353944
2019_1243_1463,0.6847144912794699
2019_1246_1463,0.7880608626615674
2019_1251_1463,0.5255381275969161
2019_1257_1463,0.6525453488316062
2019_1261_1463,0.7606277320206041
2019_1266_1463,0.6289620580763722
2019_1268_1463,0.6773629917348505
2019_1276_1463,0.7314052711951453
2019_1277_1463,0.778527257799153
2019_1278_1463,0.630317223893516
2019_1279_1463,0.6600257277380516
2019_1280_1463,0.7115532453330261
2019_1285_1463,0.4206290745506151
2019_1293_1463,0.6802527772702485
2019_1295_1463,0.18475512794944424
2019_1297_1463,0.47745657935235386
2019_1300_1463,0.12013688178717997
2019_1305_1463,0.7786759350853442
2019_1308_1463,0.6968358259291489
2019_1314_1463,0.7892460350060381
2019_1318_1463,0.49292165059889287
2019_1326_1463,0.5861123946057983
2019_1328_1463,0.6339489554101672
2019_1330_1463,0.3908537114273622
2019_1332_1463,0.5660049607150403
2019_1341_1463,0.1790309391029649
2019_1345_1463,0.7608512620014012
2019_1371_1463,0.6041250227932973
2019_1385_1463,0.5368227375881005
2019_1387_1463,0.4107053554126159
2019_1388_1463,0.6269109396971843
2019_1393_1463,0.6436743247244238
2019_1396_1463,0.5677235859552084
2019_1397_1463,0.7970380978275269
2019_1403_1463,0.7613082816437388
2019_1414_1463,0.5472930341032453
2019_1416_1463,0.6692727418440403
2019_1429_1463,0.7147889155767861
2019_1433_1463,0.6546515710796182
2019_1436_1463,0.5919577065816405
2019_1437_1463,0.7061298421964609
2019_1438_1463,0.8037234792399892
2019_1439_1463,0.7561914944647157
2019_1449_1463,0.62514381739548
2019_1458_1463,0.6745405588635868
2019_1459_1463,0.7459532474591588
